6 46
8 48
15 55
32 72
34 74
36 76
39 79
43 83
49 89
51 91
53 93
56 96
59 99
64 104
65 105
70 110
74 114
75 115
80 120
88 128
93 133
94 134
98 138
99 139
101 141
103 143
106 146
107 147
108 148
110 150
115 155
118 158
120 160
121 161
127 167
128 168
130 170
132 172
133 173
137 177
138 178
140 180
142 182
149 189
152 192
156 196
157 197
159 199
161 201
165 205
169 209
173 213
176 216
177 217
178 218
179 219
181 221
187 227
189 229
191 231
194 234
195 235
200 240
202 242
203 243
205 245
208 248
209 249
212 252
215 255
222 262
224 264
225 265
228 268
234 274
240 280
242 282
244 284
246 286
249 289
252 292
253 293
254 294
255 295
257 297
260 300
262 302
266 306
267 307
272 312
273 313
274 314
275 315
281 321
284 324
285 325
287 327
293 333
301 341
302 342
303 1415
304 1420
306 1430
307 1435
310 1450
313 1465
316 1480
318 1490
320 1500
322 1510
323 1515
324 1520
324 1520
326 1530
329 1545
330 1550
332 1560
334 1570
337 1585
338 1590
343 1615
344 1620
347 1635
350 1650
351 1655
357 1685
364 1720
365 1725
366 1730
368 1740
370 1750
372 1760
376 1780
378 1790
379 1795
381 1805
385 1825
389 1845
391 1855
398 1890
399 1895
406 1930
407 1935
408 1940
409 1945
410 1950
414 1970
432 2060
433 2065
435 2075
440 2100
441 2105
444 2120
445 2125
447 2135
448 2140
455 2175
456 2180
457 2185
459 2195
465 2225
465 2225
467 2235
468 2240
470 2250
480 2300
481 2305
482 2310
485 2325
486 2330
490 2350
496 2380
497 2385
498 2390
499 2395
500 2400
501 2405
502 2410
503 2415
504 2420
505 2425
506 2430
507 2435
508 2440
509 2445
510 2450
511 2455
512 2460
513 2465
514 2470
515 2475
516 2480
517 2485
518 2490
519 2495
520 2500
521 2505
522 2510
523 2515
524 2520
