1 2.97395
31 32.6916
61 62.8671
91 92.8701
121 122.329
151 152.581
181 182.503
211 212.702
241 242.276
271 272.396
301 302.669
331 332.569
361 362.227
391 392.346
421 422.572
451 452.383
481 586.991
511 766.616
541 946.274
571 1126.04
601 1306.22
631 1486.92
661 1666.25
691 1846.94
721 2026.91
751 2206.77
781 2386.36
811 2566.92
841 2746.12
871 2926.17
901 3106.54
931 3286.53
961 3410.6
991 3710.94
1021 4010.15
1051 4310.17
1081 4610.92
1111 4910.99
1141 5210.14
1171 5510.64
1201 5810.87
1231 6110.76
1261 6410.51
1291 6710.23
1321 7010.02
1351 7310.81
1381 7610.9
1411 7910.31
1441 8210.59
1471 8510.61
