5000 230038 4482 206210
4479 197111 4206 185099
4203 184968 4201 184879
4193 184527 4006 176299
4005 164236 3853 158004
3850 157882 3838 157389
3831 157102 3608 147959
3596 129479 3114 112127
3113 108974 2966 103829
2964 103760 2961 103654
2959 103584 2862 100189
2856 0 2856 0
2852 0 2852 0
2851 0 2851 0
2849 99734 2848 99699
2846 0 2846 0
2842 99489 2830 99069
2819 0 2819 0
2817 0 2817 0
2797 0 2797 0
2795 97844 2790 97669
2785 0 2785 0
2784 0 2784 0
2783 97424 2782 97389
2781 0 2781 0
2776 97179 2771 97004
2758 0 2758 0
2755 0 2755 0
2753 0 2753 0
2752 96339 2750 96269
2744 96059 2739 95884
2737 0 2737 0
2734 0 2734 0
2733 0 2733 0
2731 95604 2730 95569
2724 0 2724 0
2719 0 2719 0
2717 0 2717 0
2714 0 2714 0
2713 0 2713 0
2707 0 2707 0
2705 0 2705 0
2700 94519 2699 94484
2684 93959 2677 93714
2676 0 2676 0
2664 0 2664 0
2661 0 2661 0
2648 0 2648 0
2642 92489 2638 92349
2634 0 2634 0
2629 0 2629 0
2622 0 2622 0
2621 81267 2617 81143
2608 0 2608 0
2602 0 2602 0
2601 0 2601 0
2593 0 2593 0
2592 0 2592 0
2590 0 2590 0
2586 80182 2584 80120
2573 0 2573 0
2562 0 2562 0
2560 0 2560 0
2558 0 2558 0
2552 79128 2523 78229
2522 0 2522 0
2518 78074 2514 77950
2512 77888 2507 77733
2502 0 2502 0
2500 0 2500 0
2499 0 2499 0
2495 0 2495 0
2487 77113 2485 77051
2463 0 2463 0
2458 0 2458 0
2454 0 2454 0
2447 0 2447 0
2443 0 2443 0
2442 75718 2439 75625
2437 75563 2433 75439
2426 75222 2420 75036
2415 0 2415 0
2413 0 2413 0
2406 0 2406 0
2386 0 2386 0
2382 0 2382 0
2379 0 2379 0
2368 0 2368 0
2360 0 2360 0
2358 73114 2355 73021
2354 0 2354 0
2353 0 2353 0
2351 0 2351 0
2338 0 2338 0
2321 71967 2320 71936
2318 71874 2313 71719
2305 0 2305 0
2304 71440 2302 71378
2300 0 2300 0
2297 0 2297 0
2291 0 2291 0
2282 0 2282 0
2277 0 2277 0
2276 70572 2270 70386
2258 70014 2256 69952
2246 0 2246 0
2244 0 2244 0
2241 0 2241 0
2240 0 2240 0
2235 0 2235 0
2221 0 2221 0
2220 0 2220 0
2194 0 2194 0
2193 0 2193 0
2191 0 2191 0
2188 0 2188 0
2186 0 2186 0
2174 0 2174 0
2168 0 2168 0
2164 67100 2163 67069
2137 0 2137 0
2136 0 2136 0
2130 0 2130 0
2117 0 2117 0
2116 63492 2111 63342
2095 0 2095 0
2079 0 2079 0
2075 0 2075 0
2072 62172 2068 62052
2062 61872 2060 61812
2059 0 2059 0
2055 0 2055 0
2049 0 2049 0
2043 0 2043 0
2037 0 2037 0
2028 0 2028 0
2027 0 2027 0
2026 60792 2011 60342
2008 0 2008 0
2007 0 2007 0
2003 0 2003 0
2001 0 2001 0
1999 0 1999 0
1997 0 1997 0
1988 0 1988 0
1984 0 1984 0
1978 0 1978 0
1974 0 1974 0
1973 59202 1968 59052
1964 0 1964 0
1961 0 1961 0
1959 0 1959 0
1952 0 1952 0
1950 58512 1943 58302
1942 58272 1930 57912
1926 0 1926 0
1923 0 1923 0
1922 0 1922 0
1909 0 1909 0
1906 0 1906 0
1905 0 1905 0
1899 0 1899 0
1888 56652 1882 56472
1880 0 1880 0
1867 0 1867 0
1861 0 1861 0
1858 0 1858 0
1851 0 1851 0
1849 0 1849 0
1840 0 1840 0
1839 0 1839 0
1810 0 1810 0
1809 54282 1807 54222
1805 0 1805 0
1804 0 1804 0
1795 0 1795 0
1794 53832 1793 53802
1787 0 1787 0
1786 0 1786 0
1782 0 1782 0
1772 0 1772 0
1770 0 1770 0
1769 53082 1767 53022
1763 0 1763 0
1758 0 1758 0
1752 0 1752 0
1741 0 1741 0
1738 0 1738 0
1736 52092 1726 51792
1725 0 1725 0
1724 51732 1719 51582
1710 0 1710 0
1709 0 1709 0
1707 0 1707 0
1705 0 1705 0
1702 51072 1699 50982
1692 0 1692 0
1688 0 1688 0
1686 48906 1685 48877
1679 48703 1678 48674
1677 48645 1675 48587
1667 48355 1665 48297
1663 48239 1662 48210
1661 0 1661 0
1658 0 1658 0
1633 0 1633 0
1616 0 1616 0
1612 0 1612 0
1602 0 1602 0
1596 0 1596 0
1590 0 1590 0
1585 0 1585 0
1582 0 1582 0
1576 0 1576 0
1572 0 1572 0
1571 0 1571 0
1568 0 1568 0
1565 0 1565 0
1562 0 1562 0
1555 0 1555 0
1551 0 1551 0
1550 0 1550 0
1548 0 1548 0
1547 0 1547 0
1546 0 1546 0
1545 0 1545 0
1544 0 1544 0
1542 0 1542 0
1533 0 1533 0
1531 0 1531 0
1516 0 1516 0
1515 0 1515 0
1514 43918 1512 43860
1507 0 1507 0
1506 0 1506 0
1503 0 1503 0
1501 43541 1495 43367
1494 0 1494 0
1491 0 1491 0
1489 43193 1487 43135
1479 0 1479 0
1467 0 1467 0
1457 0 1457 0
1454 42178 1446 41946
1444 0 1444 0
1436 0 1436 0
1430 0 1430 0
1428 0 1428 0
1425 0 1425 0
1407 40815 1390 40322
1389 0 1389 0
1386 0 1386 0
1374 0 1374 0
1367 0 1367 0
1354 0 1354 0
1347 0 1347 0
1346 0 1346 0
1343 0 1343 0
1341 38901 1336 38756
1330 38582 1327 38495
1325 0 1325 0
1322 0 1322 0
1315 0 1315 0
1311 0 1311 0
1307 0 1307 0
1304 37828 1302 37770
1295 37567 1290 37422
1288 0 1288 0
1286 37306 1284 37248
1282 33342 1275 33160
1265 0 1265 0
1262 0 1262 0
1258 0 1258 0
1256 0 1256 0
1252 0 1252 0
1247 0 1247 0
1245 0 1245 0
1240 32250 1238 32198
1229 31964 1226 31886
1221 0 1221 0
1219 0 1219 0
1216 0 1216 0
1198 0 1198 0
1192 0 1192 0
1186 0 1186 0
1172 0 1172 0
1170 0 1170 0
1165 0 1165 0
1158 0 1158 0
1155 0 1155 0
1150 0 1150 0
1149 0 1149 0
1145 29780 1142 29702
1140 0 1140 0
1133 0 1133 0
1125 0 1125 0
1120 0 1120 0
1113 0 1113 0
1112 0 1112 0
1111 28896 1107 28792
1104 0 1104 0
1094 0 1094 0
1091 0 1091 0
1087 0 1087 0
1076 0 1076 0
1075 0 1075 0
1069 27804 1067 27752
1065 0 1065 0
1063 0 1063 0
1062 0 1062 0
1059 27544 1046 27206
1033 26868 1030 26790
1020 0 1020 0
1014 0 1014 0
1008 0 1008 0
1006 26166 997 25932
990 0 990 0
987 0 987 0
983 0 983 0
981 0 981 0
980 0 980 0
975 0 975 0
972 0 972 0
971 0 971 0
967 0 967 0
965 0 965 0
964 0 964 0
960 0 960 0
958 24918 950 24710
939 0 939 0
930 0 930 0
924 0 924 0
918 0 918 0
911 0 911 0
910 0 910 0
896 0 896 0
879 0 879 0
878 0 878 0
877 0 877 0
875 0 875 0
870 0 870 0
850 0 850 0
846 0 846 0
834 0 834 0
825 0 825 0
823 0 823 0
821 0 821 0
817 0 817 0
800 0 800 0
797 0 797 0
796 0 796 0
794 0 794 0
791 18202 790 18179
787 0 787 0
785 0 785 0
782 0 782 0
777 0 777 0
771 0 771 0
770 0 770 0
767 0 767 0
764 0 764 0
756 0 756 0
755 0 755 0
752 0 752 0
750 0 750 0
748 0 748 0
746 0 746 0
742 0 742 0
736 16937 735 16914
734 0 734 0
731 0 731 0
726 0 726 0
718 0 718 0
713 0 713 0
698 0 698 0
696 0 696 0
691 0 691 0
689 15856 676 15557
675 0 675 0
673 0 673 0
671 0 671 0
666 0 666 0
660 0 660 0
659 0 659 0
658 0 658 0
654 0 654 0
647 0 647 0
645 0 645 0
635 0 635 0
632 14545 628 14453
626 0 626 0
625 14384 624 14361
620 0 620 0
609 0 609 0
607 0 607 0
606 0 606 0
601 13832 586 13487
584 13441 581 13372
577 0 577 0
574 13211 554 12751
545 0 545 0
542 0 542 0
539 0 539 0
538 12383 536 12337
530 12199 524 12061
518 0 518 0
513 11808 512 11785
508 0 508 0
507 11670 494 11371
491 0 491 0
488 0 488 0
487 0 487 0
486 0 486 0
481 11072 476 10957
472 0 472 0
468 0 468 0
467 0 467 0
459 0 459 0
453 0 453 0
451 0 451 0
448 0 448 0
445 10244 440 10129
433 0 433 0
432 0 432 0
420 0 420 0
416 0 416 0
414 0 414 0
412 0 412 0
409 0 409 0
408 0 408 0
402 0 402 0
400 0 400 0
381 0 381 0
380 0 380 0
373 0 373 0
372 0 372 0
368 0 368 0
361 0 361 0
360 0 360 0
355 0 355 0
349 0 349 0
348 8006 343 7891
338 0 338 0
335 0 335 0
330 7592 325 7477
324 0 324 0
319 0 319 0
317 0 317 0
312 0 312 0
309 0 309 0
306 0 306 0
301 0 301 0
293 0 293 0
290 0 290 0
289 0 289 0
281 6465 269 6189
264 0 264 0
263 0 263 0
258 0 258 0
254 0 254 0
253 0 253 0
249 0 249 0
239 0 239 0
232 0 232 0
224 0 224 0
212 0 212 0
209 0 209 0
192 0 192 0
184 0 184 0
178 0 178 0
174 0 174 0
170 0 170 0
169 0 169 0
168 0 168 0
166 0 166 0
158 0 158 0
153 0 153 0
152 0 152 0
149 0 149 0
147 0 147 0
141 0 141 0
140 0 140 0
137 0 137 0
127 0 127 0
126 0 126 0
125 0 125 0
113 0 113 0
111 0 111 0
103 0 103 0
102 0 102 0
95 0 95 0
93 0 93 0
89 0 89 0
88 0 88 0
87 0 87 0
86 0 86 0
82 0 82 0
72 0 72 0
71 0 71 0
70 0 70 0
58 0 58 0
37 0 37 0
30 0 30 0
28 0 28 0
19 0 19 0
17 0 17 0
16 0 16 0
12 0 12 0
